8969636
653196
1650760
853172
1422557
646089
534808
137764
737828
794203
206012
163405
461511
259438
541785
485266
1010806
170996
293166
88325
46949
106498
888942
723076
217952
5838539
195289
679042
235258
295143
383477
1014532
1399641
708879
546940
2236149
125498
155654
911455
739840
116270
1130192
1022721
1088410
233689
535521
586838
707004
290818
1138672
1768198
365692
689315
152735
247522
429684
607380
562767
1984296
1100615
63845
257621
302673
753308
940985
299153
1347623
1829052
2363332
69357
1397910
628406
431738
195690
953459
124880
429425
707111
303678
1099845
499901
254595
79613
1838528
537206
833362
171878
965137
883354
786203
1358893
341875
346875
514706
102401
659669
866472
694620
185013
859231
996096
173833
1235291
497118
681720
467432
3213993
1667525
36982
224861
795121
1630341
1111713
132964
193692
196982
770856
462592
453779
183190
1606123
422144
902539
730693
210003
938454
615613
706469
169337
195409
431348
769606
240938
804094
718953
757222
72704
264457
1298230
244585
1502380
542464
1000028
632195
998925
898509
421910
1239123
449171
790538
529395
378464
1347849
686507
321894
1038259
101024
814708
324946
270943
766461
775937
1084068
608790
38928
300439
914038
292078
663954
1283641
223956
458054
704818
3143235
255547
102021
184357
186218
219989
252510
598290
1311077
1215036
926132
650366
44143
270736
961284
706202
114128
209484
546985
522380
1043396
2466829
660479
602008
402823
1381023
280272
542810
961543
233591
462761
785662
1103169
572008
230336
1566691
366276
1115599
454912
270954
65558
440562
696400
445660
153901
256188
240028
601808
586012
233840
2288597
116539
882257
697618
225535
327340
99445
430620
1370759
2084414
251685
74355
372000
1073619
931141
726587
40488
736285
95182
195733
624297
1928383
430179
221777
113884
108009
811493
907094
1237890
869767
137186
203330
765628
1618333
402903
1745477
325458
87060
267957
1476136
906591
1974205
278999
1217590
767582
409322
935382
464245
1498627
165514
815970
950751
837872
2112116
3663347
316062
83713
71567
897776
778846
187354
752195
178930
534588
494782
657419
80066
1764414
1096858
305936
396029
63594
496021
150575
781341
383841
739802
266550
288697
402383
522525
859121
79539
1481906
2172762
249522
526100
1441622
961147
305079
969247
141942
625270
420805
686711
710368
250014
485273
856929
1040867
545090
729922
866990
958451
487862
1403282
124880
717523
558570
165690
424560
2204884
432732
403309
435677
884197
251552
841636
617000
470980
2927302
230947
422769
377441
569122
497130
726368
713878
1703315
163747
140931
412361
280079
299118
695310
448190
481203
35450
1422742
660070
174753
297483
205092
404599
2895348
876893
1610457
766784
505350
501091
165575
392906
358577
5411289
66673
160749
372080
513703
463844
1015824
481405
290786
999138
920923
929427
1001577
448705
444343
1105572
268538
1343061
352630
3947966
871406
12401
844765
392672
215225
682715
1509473
564413
1517007
109582
515656
828671
640696
2179852
241923
674152
77310
871035
486292
984797
438747
694140
1604690
90697
424029
238875
245117
1049140
1528074
493709
1739266
687359
753987
66385
263077
203477
427836
142727
291681
740606
356681
634636
281668
605614
1243406
425671
716217
358477
1690195
625377
1333847
157709
163076
421661
473645
380635
250063
1002350
479498
1719272
577486
397186
112636
962143
1742730
436005
159235
78716
855007
7556003
1853883
289063
1200193
747494
1268813
638764
599464
719339
203173
509067
160259
353521
1056364
561485
782426
506073
285563
372034
192529
434059
3625549
254019
100605
486257
2664781
50321
1293619
588693
161563
183616
145175
1750507
700517
403376
1030656
279887
764633
569163
106552
229742
1084059
265418
392725
161758
557873
1710943
756625
306141
2819706
6494348
793025
419131
735940
1047621
795353
925687
938847
140804
303514
382839
1237539
118202
824334
672968
2098652
218502
123285
719793
277698
7009353
274625
568974
2013714
332544
240140
403606
88490
732734
488733
91180
393769
64642
144985
122159
683060
1624164
453373
182220
37591
823989
1133206
269170
413738
486018
2781445
585637
1372679
571892
344736
255795
374490
336927
3271699
427388
323937
917278
404112
1102387
619822
1593624
7083838
387468
281958
229631
66906
516848
1097000
1760048
2428302
845341
270501
619894
445843
40858
28819
860777
178808
283453
913447
248697
724689
535738
647035
501669
864416
57101
946555
370860
355399
616577
602999
287075
498852
214163
353826
991172
724802
968102
125907
123840
233881
668834
776998
438974
200394
992322
859328
278925
203795
583308
286224
1080080
387962
1253077
1171885
301549
126487
553447
955935
563327
421057
1960830
726098
859238
533472
736050
438062
1522706
404224
365099
73777
779897
652301
54198
1473371
1168892
429933
341847
921916
167396
2186941
11417
768723
380406
440638
590306
195922
277977
45085
616070
1504955
278181
423317
751900
255178
298491
6440904
212128
570765
261147
404846
72921
564065
468168
525714
433334
1523413
230396
465063
1197614
62162
97581
98786
920697
916226
428903
7222843
914120
580525
201906
882720
138092
195330
383449
2067062
403174
544372
1943629
341558
729734
912229
264658
315930
1467126
528341
489503
363285
1938772
770879
1922792
674178
260205
184292
929298
314990
353553
444618
869472
186211
822932
1453191
253520
328940
810488
714389
246703
399244
759261
102051
370904
555795
285780
557540
580820
1318919
461806
1307933
2307294
456521
1048035
833267
220379
110185
317862
1703677
222090
498402
340982
1472071
24347
376917
1241079
567159
1040027
166459
1298779
186388
507379
189507
2347334
862022
925858
2341894
